[Paper0]
Name=Custom Size 1
DisplayName=Custom Size 1
Width=215.89999389648438
Height=279.39999389648438
MarginTop=101.59999999999999
MarginBottom=0
MarginLeft=0
MarginRight=0
Orientation=portrait
